"wilcox_stats"	"wilcox_p"	"padj"
"1CMET2-PWY"	538.5	0.501361274794142	0.843795022301263
"ANAEROFRUCAT-PWY"	460	0.105753856199588	0.720463363051094
"ANAGLYCOLYSIS-PWY"	574	0.805609331511711	0.974599615459054
"ARGININE-SYN4-PWY"	494	0.222843680964616	0.733683625651018
"ARGSYN-PWY"	475.5	0.152134791840918	0.720463363051094
"ARGSYNBSUB-PWY"	448.5	0.0789269673363072	0.720463363051094
"ARO-PWY"	638	0.609914684885601	0.917478500340734
"ASPASN-PWY"	539	0.504858634194322	0.843795022301263
"BIOTIN-BIOSYNTHESIS-PWY"	593	0.985429586285806	1
"BRANCHED-CHAIN-AA-SYN-PWY"	496	0.237026201072544	0.733683625651018
"CALVIN-PWY"	574	0.805609331511711	0.974599615459054
"CITRULBIO-PWY"	497	0.23696245973335	0.733683625651018
"COA-PWY-1"	546	0.56045243897679	0.880710975534956
"COA-PWY"	542	0.52857446666164	0.853478037912372
"COBALSYN-PWY"	542.5	0.525772343911839	0.853478037912372
"COLANSYN-PWY"	528	0.414800285110698	0.774085118301252
"COMPLETE-ARO-PWY"	623	0.741304506436955	0.974599615459054
"DAPLYSINESYN-PWY"	462	0.096928383321282	0.720463363051094
"DTDPRHAMSYN-PWY"	520.5	0.374292430840542	0.758358171183464
"FASYN-ELONG-PWY"	655.5	0.470766878960315	0.836918895929448
"FASYN-INITIAL-PWY"	634	0.643984769501623	0.944510995269047
"GALACTUROCAT-PWY"	483	0.174622659614584	0.720463363051094
"GLCMANNANAUT-PWY"	524	0.393910286444305	0.764013961091765
"GLUCONEO-PWY"	513	0.327247428225009	0.758358171183464
"GLUCUROCAT-PWY"	573.5	0.799255025794884	0.974599615459054
"GLUTORN-PWY"	481.5	0.173884270970823	0.720463363051094
"GLYCOGENSYNTH-PWY"	477.5	0.159141791143931	0.720463363051094
"GLYCOLYSIS-E-D"	521.5	0.373088990579002	0.758358171183464
"GLYCOLYSIS"	564	0.714170615074076	0.97437231203905
"HEME-BIOSYNTHESIS-II"	564.5	0.709351658101192	0.97437231203905
"HEXITOLDEGSUPER-PWY"	499	0.244950804998809	0.733683625651018
"HISDEG-PWY"	516	0.344486975712003	0.758358171183464
"HISTSYN-PWY"	481	0.172974492555784	0.720463363051094
"HOMOSER-METSYN-PWY"	504	0.269494846667484	0.749640140619632
"HSERMETANA-PWY"	465	0.119703963159599	0.720463363051094
"ILEUSYN-PWY"	447	0.0766143284235891	0.720463363051094
"LACTOSECAT-PWY"	602	0.936923874812888	1
"MET-SAM-PWY"	515	0.33204089637496	0.758358171183464
"METSYN-PWY"	510	0.302532274964804	0.758358171183464
"NAGLIPASYN-PWY"	501	0.241459180500985	0.733683625651018
"NONMEVIPP-PWY"	428.5	0.0457574561185825	0.720463363051094
"NONOXIPENT-PWY"	548	0.576754232950772	0.885867887673336
"OANTIGEN-PWY"	555	0.634303078498686	0.938128922821586
"P161-PWY"	468	0.119779719939841	0.720463363051094
"P164-PWY"	520.5	0.364170875681841	0.758358171183464
"P441-PWY"	465.5	0.113672516059261	0.720463363051094
"P461-PWY"	609.5	0.864365627228187	0.994327190009527
"PANTO-PWY"	474	0.148059040267401	0.720463363051094
"PANTOSYN-PWY"	484	0.184711728517839	0.720463363051094
"PENTOSE-P-PWY"	390.5	0.0142709267404705	0.720463363051094
"PEPTIDOGLYCANSYN-PWY"	590	0.956922625984686	1
"PHOSLIPSYN-PWY"	468	0.124939912428651	0.720463363051094
"POLYISOPRENSYN-PWY"	558	0.657966912571784	0.953892873573233
"PWY-1042"	545	0.552360028815963	0.880710975534956
"PWY-1269"	597	0.985484049291593	1
"PWY-2941"	642	0.576349836575588	0.885867887673336
"PWY-2942"	569	0.759536747376253	0.974599615459054
"PWY-3001"	539	0.504998963544965	0.843795022301263
"PWY-3841"	591	0.966490776181354	1
"PWY-4041"	538	0.491527885370654	0.843795022301263
"PWY-4242"	472	0.141354854877753	0.720463363051094
"PWY-4981"	482	0.174230321203711	0.720463363051094
"PWY-4984"	507	0.288544689799508	0.757968140368856
"PWY-5030"	572	0.784921823186458	0.974599615459054
"PWY-5097"	562	0.696426147175889	0.97437231203905
"PWY-5100"	453	0.0887998357978732	0.720463363051094
"PWY-5103"	502	0.266815956283017	0.749640140619632
"PWY-5104"	567	0.73911406963157	0.974599615459054
"PWY-5121"	612.5	0.83634907139488	0.981224833607328
"PWY-5154"	450	0.0815784411195111	0.720463363051094
"PWY-5188"	472	0.139003440220764	0.720463363051094
"PWY-5345"	550	0.578834131150191	0.885867887673336
"PWY-5347"	475	0.144822024163189	0.720463363051094
"PWY-5384"	496	0.222736307057821	0.733683625651018
"PWY-5484"	571	0.777789543320731	0.974599615459054
"PWY-5659"	515	0.339258086924313	0.758358171183464
"PWY-5667"	439.5	0.0626311240753542	0.720463363051094
"PWY-5686"	571	0.777892348969078	0.974599615459054
"PWY-5695"	623	0.741327295231014	0.974599615459054
"PWY-5897"	519	0.348229223109814	0.758358171183464
"PWY-5898"	519	0.348229223109814	0.758358171183464
"PWY-5899"	519	0.348229223109814	0.758358171183464
"PWY-5973"	678	0.322033117434382	0.758358171183464
"PWY-5989"	596	0.99519576401407	1
"PWY-6121"	601	0.947357709442935	1
"PWY-6122"	583	0.890208632755314	0.997940887674746
"PWY-6123"	663	0.417830035446699	0.774085118301252
"PWY-6124"	721	0.132621647290654	0.720463363051094
"PWY-6125"	666.5	0.393968254442307	0.764013961091765
"PWY-6126"	708	0.176850262602205	0.720463363051094
"PWY-6147"	615.5	0.810011948659972	0.974599615459054
"PWY-6151"	573.5	0.800939784100606	0.974599615459054
"PWY-6163"	587	0.928270292956344	1
"PWY-6168"	570	0.768641091498326	0.974599615459054
"PWY-6270"	454	0.0903813080869065	0.720463363051094
"PWY-6277"	583	0.890208632755314	0.997940887674746
"PWY-6282"	615	0.814012178820914	0.974599615459054
"PWY-6305"	538	0.490584765184288	0.843795022301263
"PWY-6317"	526	0.410040941040459	0.774085118301252
"PWY-6353"	443	0.0624412754027207	0.720463363051094
"PWY-6385"	546	0.560416613573672	0.880710975534956
"PWY-6386"	576	0.824263518797664	0.980205265597222
"PWY-6387"	598	0.976060080445576	1
"PWY-6471"	531	0.439460299188351	0.799239475862895
"PWY-6507"	524	0.395029945791765	0.764013961091765
"PWY-6519"	595	1	1
"PWY-6527"	499	0.250119417835574	0.733683625651018
"PWY-6606"	467	0.121985248394223	0.720463363051094
"PWY-6608"	521	0.37522762987133	0.758358171183464
"PWY-6609"	482	0.176850262602205	0.720463363051094
"PWY-6700"	593	0.98563466857052	1
"PWY-6703"	498	0.246618401973759	0.733683625651018
"PWY-6737"	401.5	0.0202039542745952	0.720463363051094
"PWY-6859"	612	0.841846306106287	0.981224833607328
"PWY-6897"	594	0.995204530890294	1
"PWY-6901"	590	0.95639408151007	1
"PWY-6936"	504	0.276415640117549	0.749640140619632
"PWY-7111"	489	0.205381021104223	0.733683625651018
"PWY-7184"	490	0.192396466269326	0.720463363051094
"PWY-7197"	608.5	0.875685877565208	0.994327190009527
"PWY-7198"	483.5	0.178878168422597	0.720463363051094
"PWY-7199"	549	0.584956562841324	0.88752030224201
"PWY-7208"	616	0.805609331511711	0.974599615459054
"PWY-7219"	604	0.918739738179384	1
"PWY-7220"	729.5	0.107732583010688	0.720463363051094
"PWY-7221"	609	0.871275669640406	0.994327190009527
"PWY-7222"	729.5	0.107732583010688	0.720463363051094
"PWY-7228"	696	0.227639521635855	0.733683625651018
"PWY-7229"	710	0.169278442284503	0.720463363051094
"PWY-7234"	595	1	1
"PWY-7237"	565	0.700255443668568	0.97437231203905
"PWY-7242"	561	0.686100200282561	0.97437231203905
"PWY-724"	577	0.833454906069438	0.981224833607328
"PWY-7282"	488.5	0.200463881239527	0.733683625651018
"PWY-7323"	519	0.354528926996184	0.758358171183464
"PWY-7357"	574	0.805435031233834	0.974599615459054
"PWY-7383"	475.5	0.144490361116409	0.720463363051094
"PWY-7388"	553	0.615770082164275	0.918436732719596
"PWY-7392"	598	0.975607197685665	1
"PWY-7400"	480.5	0.170106352549804	0.720463363051094
"PWY-7539"	609.5	0.86635716096445	0.994327190009527
"PWY-7560"	445	0.0718046447729535	0.720463363051094
"PWY-7663"	650	0.512989019239973	0.843795022301263
"PWY-7664"	618	0.786047983303451	0.974599615459054
"PWY-841"	677	0.327446779173732	0.758358171183464
"PWY0-1261"	504	0.249754325334708	0.733683625651018
"PWY0-1296"	540	0.512703873480224	0.843795022301263
"PWY0-1297"	530.5	0.440489938401709	0.799239475862895
"PWY0-1298"	456	0.0934947867633742	0.720463363051094
"PWY0-1319"	437.5	0.0593186227226121	0.720463363051094
"PWY0-1586"	632	0.661221196454173	0.953892873573233
"PWY0-162"	584	0.899602447710946	1
"PWY0-845"	517.5	0.351091111470072	0.758358171183464
"PWY0-862"	696	0.22617457418096	0.733683625651018
"PWY3O-355"	574	0.801514817693831	0.974599615459054
"PWY4FS-7"	486.5	0.192101878417066	0.720463363051094
"PWY4FS-8"	486.5	0.192101878417066	0.720463363051094
"PWY66-399"	528.5	0.415524366531544	0.774085118301252
"PWY66-409"	627	0.703614354667387	0.97437231203905
"PWY66-422"	538	0.496250196296245	0.843795022301263
"PYRIDNUCSYN-PWY"	502	0.265650982410056	0.749640140619632
"PYRIDOXSYN-PWY"	506.5	0.286565748304052	0.757968140368856
"RHAMCAT-PWY"	686	0.276855733751569	0.749640140619632
"RIBOSYN2-PWY"	509	0.304547346647181	0.758358171183464
"SALVADEHYPOX-PWY"	435	0.0498168404444464	0.720463363051094
"SER-GLYSYN-PWY"	444	0.0708104112082983	0.720463363051094
"SO4ASSIM-PWY"	520.5	0.35788994284112	0.758358171183464
"SULFATE-CYS-PWY"	524	0.379179085591732	0.758358171183464
"TCA"	467.5	0.11717585058618	0.720463363051094
"TEICHOICACID-PWY"	601	0.946367923820402	1
"THISYNARA-PWY"	533	0.458927425078906	0.824196191978444
"THRESYN-PWY"	564	0.714100626396877	0.97437231203905
"TRNA-CHARGING-PWY"	521	0.377528850799284	0.758358171183464
"TRPSYN-PWY"	509.5	0.306364738323714	0.758358171183464
"UDPNAGSYN-PWY"	593	0.985614285550001	1
"VALSYN-PWY"	480	0.169317403625501	0.720463363051094
